1.053264097185842463e+00
1.053263968740210332e+00
1.053263828324723983e+00
1.053263674820810847e+00
1.053263507005009147e+00
1.053263323539089802e+00
1.053263122959239739e+00
1.053262903664204497e+00
1.053262663902336138e+00
1.053262401757376399e+00
1.053262115132898247e+00
1.053261801735273728e+00
1.053261459055000682e+00
1.053261084346241772e+00
1.053260674604423519e+00
1.053260226541658851e+00
1.053259736559829962e+00
1.053259200721063493e+00
1.053258614715360864e+00
1.053257973825101779e+00
1.053257272886093832e+00
1.053256506244842905e+00
1.053255667711656907e+00
1.053254750509162285e+00
1.053253747215765923e+00
1.053252649703555921e+00
1.053251449070064405e+00
1.053250135563262413e+00
1.053248698499091196e+00
1.053247126170728798e+00
1.053245405748753472e+00
1.053243523171216722e+00
1.053241463022550395e+00
1.053239208400118532e+00
1.053236740767051094e+00
1.053234039789877174e+00
1.053231083159253290e+00
1.053227846391908029e+00
1.053224302611687424e+00
1.053220422307298065e+00
1.053216173064073224e+00
1.053211519266724849e+00
1.053206421769646184e+00
1.053200837530915868e+00
1.053194719205584606e+00
1.053188014693281938e+00
1.053180666634481177e+00
1.053172611848988360e+00
1.053163780709315711e+00
1.053154096440586551e+00
1.053143474337405072e+00
1.053131820886773484e+00
1.053119032784545883e+00
1.053104995831074531e+00
1.053089583689603703e+00
1.053072656488514669e+00
1.053054059245704499e+00
1.053033620090134903e+00
1.053011148251801865e+00
1.052986431787044763e+00
1.052959235001096783e+00
1.052929295523986841e+00
1.052896320989269885e+00
1.052859985257406761e+00
1.052819924116843886e+00
1.052775730385812292e+00
1.052726948326441203e+00
1.052673067269743745e+00
1.052613514335325684e+00
1.052547646113080937e+00
1.052474739155568662e+00
1.052393979109150557e+00
1.052304448289271610e+00
1.052205111480557731e+00
1.052094799715957540e+00
1.051972191761357367e+00
1.051835793003623509e+00
1.051683911412090389e+00
1.051514630217633917e+00
1.051325776932075629e+00
1.051114888317004059e+00
1.050879170909867488e+00
1.050615456732441944e+00
1.050320153851292959e+00
1.049989191542672451e+00
1.049617959950847723e+00
1.049201033831117957e+00
1.048731886923756296e+00
1.048202861877286063e+00
1.047605047921458032e+00
1.046928068865022210e+00
1.046159838765892802e+00
1.045286282287126722e+00
1.044291017246622211e+00
1.043154997706113418e+00
1.041856117210146371e+00
1.040368773545298220e+00
1.038663398695721662e+00
1.036705960539206384e+00
1.034457446208844056e+00
1.031873340828460828e+00
1.028903119298959501e+00
1.025489772694918145e+00
1.021569394295316791e+00
1.017070852951341475e+00
1.011915557834920376e+00
1.006017321040969748e+00
9.992824506542825613e-01
9.916100811676804572e-01
9.828926634397259221e-01
9.730166792469432391e-01
9.618635926297164351e-01
9.493110485571532031e-01
9.352343291561767691e-01
9.195080785585539873e-01
9.020083090798887149e-01
8.826147044700771715e-01
8.612132444204221304e-01
8.376992020263100969e-01
8.119806466094641184e-01
7.839827958709720823e-01
7.536540632934979334e-01
7.209757028586974981e-01
6.859787765404816717e-01
6.487739461353014825e-01
6.095962917165854700e-01
5.688452802863386282e-01
5.270522603816039098e-01
4.847329348522231851e-01
4.423232797126122051e-01
4.002403461091185166e-01
3.589065311473317865e-01
3.187465222779263807e-01
2.801763461703059566e-01
2.435867011805210314e-01
2.093262606046984997e-01
1.776862719759817466e-01
1.488874831860518277e-01
1.230707240750975456e-01
1.002925462702926873e-01
8.052644082760754274e-02
6.366753780698565512e-02
4.954182360045704392e-02
3.792050515932834237e-02
2.853672209975694971e-02
2.110292804944461503e-02
1.532732170815732584e-02
1.092799276438064134e-02
7.643893127302008039e-03
5.242255409357561222e-03
3.522557996869002655e-03
2.317499418513909500e-03
1.491654149999895995e-03
9.385416043818398070e-04
5.767863154977274746e-04
3.459286312122844390e-04
2.023035843303670018e-04
1.152682691795242056e-04
6.393885098940898257e-05
3.450275076602910039e-05
1.810081681115181338e-05
9.227303082588511401e-06
4.569773449381037342e-06
2.199169674567050812e-06
1.029007188740443848e-06
4.684204922428796497e-07
2.073620634334009687e-07
8.914452722684873752e-08
3.714559639613061878e-08
1.495998418230127424e-08
5.799678455152611326e-09
2.152828781280521748e-09
7.592587975583849838e-10
2.519917836273830218e-10
7.792930014644799036e-11
2.221357910473136469e-11
5.810282225069379197e-12
1.383876588808918409e-12
2.683692863162106265e-13
5.463548894954248833e-15
7.830344936187819789e-18
8.803735383322808633e-23
4.403330500440482810e-31
2.119784071463051216e-44
9.212838787321743003e-65
4.548602979461547133e-95
1.256579184961818023e-141
3.067846377079928573e-212
6.300409106927368943e-318
-9.881312916824930884e-324
0.000000000000000000e+00
0.000000000000000000e+00
0.000000000000000000e+00
0.000000000000000000e+00
0.000000000000000000e+00
0.000000000000000000e+00
0.000000000000000000e+00
0.000000000000000000e+00
0.000000000000000000e+00
0.000000000000000000e+00
0.000000000000000000e+00
