   1.0532640971858425     
   1.0532639687402103     
   1.0532638283247240     
   1.0532636748208108     
   1.0532635070050091     
   1.0532633235390898     
   1.0532631229592397     
   1.0532629036642045     
   1.0532626639023361     
   1.0532624017573764     
   1.0532621151328982     
   1.0532618017352737     
   1.0532614590550007     
   1.0532610843462418     
   1.0532606746044235     
   1.0532602265416589     
   1.0532597365598300     
   1.0532592007210635     
   1.0532586147153609     
   1.0532579738251018     
   1.0532572728860938     
   1.0532565062448429     
   1.0532556677116569     
   1.0532547505091623     
   1.0532537472157659     
   1.0532526497035559     
   1.0532514490700644     
   1.0532501355632624     
   1.0532486984990912     
   1.0532471261707288     
   1.0532454057487535     
   1.0532435231712167     
   1.0532414630225504     
   1.0532392084001185     
   1.0532367407670511     
   1.0532340397898772     
   1.0532310831592533     
   1.0532278463919080     
   1.0532243026116874     
   1.0532204223072981     
   1.0532161730640732     
   1.0532115192667248     
   1.0532064217696462     
   1.0532008375309159     
   1.0531947192055846     
   1.0531880146932819     
   1.0531806666344812     
   1.0531726118489884     
   1.0531637807093157     
   1.0531540964405866     
   1.0531434743374051     
   1.0531318208867735     
   1.0531190327845459     
   1.0531049958310745     
   1.0530895836896037     
   1.0530726564885147     
   1.0530540592457045     
   1.0530336200901349     
   1.0530111482518019     
   1.0529864317870448     
   1.0529592350010968     
   1.0529292955239868     
   1.0528963209892699     
   1.0528599852574068     
   1.0528199241168439     
   1.0527757303858123     
   1.0527269483264412     
   1.0526730672697437     
   1.0526135143353257     
   1.0525476461130809     
   1.0524747391555687     
   1.0523939791091506     
   1.0523044482892716     
   1.0522051114805577     
   1.0520947997159575     
   1.0519721917613574     
   1.0518357930036235     
   1.0516839114120904     
   1.0515146302176339     
   1.0513257769320756     
   1.0511148883170041     
   1.0508791709098675     
   1.0506154567324419     
   1.0503201538512930     
   1.0499891915426725     
   1.0496179599508477     
   1.0492010338311180     
   1.0487318869237563     
   1.0482028618772861     
   1.0476050479214580     
   1.0469280688650222     
   1.0461598387658928     
   1.0452862822871267     
   1.0442910172466222     
   1.0431549977061134     
   1.0418561172101464     
   1.0403687735452982     
   1.0386633986957217     
   1.0367059605392064     
   1.0344574462088441     
   1.0318733408284608     
   1.0289031192989595     
   1.0254897726949181     
   1.0215693942953168     
   1.0170708529513415     
   1.0119155578349204     
   1.0060173210409697     
  0.99928245065428256     
  0.99161008116768046     
  0.98289266343972592     
  0.97301667924694324     
  0.96186359262971644     
  0.94931104855715320     
  0.93523432915617677     
  0.91950807855855399     
  0.90200830907988871     
  0.88261470447007717     
  0.86121324442042213     
  0.83769920202631010     
  0.81198064660946412     
  0.78398279587097208     
  0.75365406329349793     
  0.72097570285869750     
  0.68597877654048167     
  0.64877394613530148     
  0.60959629171658547     
  0.56884528028633863     
  0.52705226038160391     
  0.48473293485222319     
  0.44232327971261221     
  0.40024034610911852     
  0.35890653114733179     
  0.31874652227792638     
  0.28017634617030596     
  0.24358670118052103     
  0.20932626060469850     
  0.17768627197598175     
  0.14888748318605183     
  0.12307072407509755     
  0.10029254627029269     
   8.0526440827607543E-002
   6.3667537806985655E-002
   4.9541823600457044E-002
   3.7920505159328342E-002
   2.8536722099756950E-002
   2.1102928049444615E-002
   1.5327321708157326E-002
   1.0927992764380641E-002
   7.6438931273020080E-003
   5.2422554093575612E-003
   3.5225579968690027E-003
   2.3174994185139095E-003
   1.4916541499998960E-003
   9.3854160438183981E-004
   5.7678631549772747E-004
   3.4592863121228444E-004
   2.0230358433036700E-004
   1.1526826917952421E-004
   6.3938850989408983E-005
   3.4502750766029100E-005
   1.8100816811151813E-005
   9.2273030825885114E-006
   4.5697734493810373E-006
   2.1991696745670508E-006
   1.0290071887404438E-006
   4.6842049224287965E-007
   2.0736206343340097E-007
   8.9144527226848738E-008
   3.7145596396130619E-008
   1.4959984182301274E-008
   5.7996784551526113E-009
   2.1528287812805217E-009
   7.5925879755838498E-010
   2.5199178362738302E-010
   7.7929300146447990E-011
   2.2213579104731365E-011
   5.8102822250693792E-012
   1.3838765888089184E-012
   2.6836928631621063E-013
   5.4635488949542488E-015
   7.8303449361878198E-018
   8.8037353833228086E-023
   4.4033305004404828E-031
   2.1197840714630512E-044
   9.2128387873217430E-065
   4.5486029794615471E-095
   1.2565791849618180E-141
   3.0678463770799286E-212
   6.3004091069273689E-318
  -9.8813129168249309E-324
   0.0000000000000000     
   0.0000000000000000     
   0.0000000000000000     
   0.0000000000000000     
   0.0000000000000000     
   0.0000000000000000     
   0.0000000000000000     
   0.0000000000000000     
   0.0000000000000000     
   0.0000000000000000     
   0.0000000000000000     
