1.05326
1.05326
1.05326
1.05326
1.05326
1.05326
1.05326
1.05326
1.05326
1.05326
1.05326
1.05326
1.05326
1.05326
1.05326
1.05326
1.05326
1.05326
1.05326
1.05326
1.05326
1.05326
1.05326
1.05325
1.05325
1.05325
1.05325
1.05325
1.05325
1.05325
1.05325
1.05324
1.05324
1.05324
1.05324
1.05323
1.05323
1.05323
1.05322
1.05322
1.05322
1.05321
1.05321
1.0532
1.05319
1.05319
1.05318
1.05317
1.05316
1.05315
1.05314
1.05313
1.05312
1.0531
1.05309
1.05307
1.05305
1.05303
1.05301
1.05299
1.05296
1.05293
1.0529
1.05286
1.05282
1.05278
1.05273
1.05267
1.05261
1.05255
1.05247
1.05239
1.0523
1.05221
1.05209
1.05197
1.05184
1.05168
1.05151
1.05133
1.05111
1.05088
1.05062
1.05032
1.04999
1.04962
1.0492
1.04873
1.0482
1.04761
1.04693
1.04616
1.04529
1.04429
1.04315
1.04186
1.04037
1.03866
1.03671
1.03446
1.03187
1.0289
1.02549
1.02157
1.01707
1.01192
1.00602
0.999282
0.99161
0.982893
0.973017
0.961864
0.949311
0.935234
0.919508
0.902008
0.882615
0.861213
0.837699
0.811981
0.783983
0.753654
0.720976
0.685979
0.648774
0.609596
0.568845
0.527052
0.484733
0.442323
0.40024
0.358907
0.318747
0.280176
0.243587
0.209326
0.177686
0.148887
0.123071
0.100293
0.0805264
0.0636675
0.0495418
0.0379205
0.0285367
0.0211029
0.0153273
0.010928
0.00764389
0.00524226
0.00352256
0.0023175
0.00149165
0.000938542
0.000576786
0.000345929
0.000202304
0.000115268
6.39389e-05
3.45028e-05
1.81008e-05
9.2273e-06
4.56977e-06
2.19917e-06
1.02901e-06
4.6842e-07
2.07362e-07
8.91445e-08
3.71456e-08
1.496e-08
5.79968e-09
2.15283e-09
7.59259e-10
2.51992e-10
7.79293e-11
2.22136e-11
5.81028e-12
1.38388e-12
2.68369e-13
5.46355e-15
7.83034e-18
8.80374e-23
4.40333e-31
2.11978e-44
9.21284e-65
4.5486e-95
1.25658e-141
3.06785e-212
6.30041e-318
-9.88131e-324
0
0
0
0
0
0
0
0
0
0
0
